	Vowel	F1_20	F1_50	F1_80	F2_20	F2_50	F2_80
0	iy	413.6	448.1	458.0	2514.0	2481.7	2480.7
1	aw	757.1	747.4	738.3	1218.4	1233.8	1245.7
2	aw	801.0	795.8	679.5	1628.4	1344.9	1047.7
3	ey	699.6	704.2	697.6	2114.2	2222.9	2254.7
4	ix	679.7	679.7	679.7	1697.9	1697.9	1697.9
5	eh	740.3	732.3	709.2	2005.3	1925.3	1992.4
6	axr	600.9	603.9	600.9	1861.2	1857.8	1861.2
7	axr	574.9	580.1	575.0	1822.0	1762.7	1704.9
8	ih	682.8	687.8	686.9	2009.3	2033.3	2029.1
9	ey	498.8	548.8	587.3	1984.0	1951.7	1815.4
10	ih	515.1	510.7	505.6	1600.6	1629.6	1656.2
11	ix	519.5	518.5	519.5	2176.8	2158.3	2176.8
12	ih	546.6	546.6	546.6	1651.3	1651.3	1651.3
13	iy	477.3	473.0	473.3	2280.7	2271.1	2185.8
14	ih	511.6	484.1	466.6	2168.0	2162.7	2163.6
15	eh	760.8	802.3	808.3	2124.8	2083.4	2024.4
16	oy	744.7	717.9	628.2	1399.3	1526.8	1599.4
17	eh	632.8	632.8	632.8	2288.4	2288.4	2288.4
18	ay	586.1	559.3	558.0	1685.8	1729.4	1795.4
19	ix	424.3	421.4	418.8	1924.7	1967.2	1966.3
20	ey	647.3	652.0	642.0	1989.9	2145.1	2182.2
21	iy	679.7	690.1	732.9	2732.3	2732.3	2755.8
22	iy	404.8	403.6	402.9	2523.3	2491.1	2472.4
23	iy	395.9	393.9	394.0	2326.7	2333.3	2338.4
24	ow	647.2	664.4	629.3	1110.7	1096.2	1034.8
25	ay	652.4	642.8	614.6	1450.5	1517.1	1578.9
26	ix	417.7	417.7	417.7	1773.5	1773.5	1773.5
27	ax-h	413.8	413.8	413.8	1445.9	1445.9	1445.9
28	ix	502.6	502.6	502.6	2201.5	2201.5	2201.5
29	ax	621.5	620.1	619.0	1249.8	1253.7	1259.1
30	axr	546.8	554.6	572.4	1408.0	1346.4	1307.6
31	ix	574.0	574.0	574.0	1969.4	1969.4	1969.4
32	ih	505.3	514.7	520.2	1999.1	2004.1	2026.3
33	ih	509.7	546.7	555.9	2108.9	2059.1	1940.2
34	ih	483.7	495.3	500.6	1959.2	1947.5	1932.8
35	ae	708.0	731.7	702.2	1846.2	1874.1	1928.4
36	aa	699.9	726.8	744.5	1241.6	1245.7	1254.2
37	aa	782.8	774.6	762.2	1353.2	1326.7	1292.4
38	ix	562.8	583.9	589.4	1954.4	2012.4	2013.7
39	ae	740.2	742.9	709.9	1956.7	1890.9	1875.0
40	axr	558.1	576.5	582.1	1408.0	1376.0	1416.6
41	ax-h	1013.0	1013.0	1013.0	1711.3	1711.3	1711.3
42	ix	478.8	482.4	479.9	2355.7	2381.7	2398.0
43	ih	493.7	505.0	509.9	2389.4	2175.0	2127.4
44	ix	647.3	647.3	647.3	1957.4	1957.4	1957.4
45	ae	697.3	738.4	741.4	2035.1	1972.7	1896.5
46	ah	819.6	830.8	835.7	1476.2	1506.0	1531.4
47	iy	505.9	504.3	501.6	2482.8	2561.3	2629.0
48	ao	585.1	607.1	600.4	1091.4	1151.9	1225.9
49	iy	467.8	469.2	418.9	2200.3	2431.0	2519.5
50	ay	759.4	740.2	695.9	1674.4	1740.9	1777.4
51	ix	422.0	422.5	423.3	2201.0	2204.5	2205.5
52	ix	403.1	403.1	403.1	1769.1	1769.1	1769.1
53	ah	768.3	801.4	810.4	1427.3	1426.2	1411.8
54	iy	519.8	460.9	433.6	2447.2	2444.8	2402.5
55	ao	573.4	573.4	573.4	996.6	996.6	996.6
56	ix	423.2	424.6	432.0	2061.4	2091.1	2090.5
57	ae	708.0	726.5	712.9	1717.9	1763.5	1858.7
58	ix	568.3	568.3	568.3	1598.0	1598.0	1598.0
59	ae	725.0	754.2	728.7	1772.7	1657.8	1590.6
60	ow	659.0	751.5	810.0	1059.4	1027.9	1061.7
61	eh	699.0	707.4	709.6	1872.1	1905.8	1920.3
62	eh	568.0	564.0	558.2	1873.0	1866.1	1821.1
63	ix	560.2	560.2	560.2	1783.5	1783.5	1783.5
64	ih	559.4	539.2	523.1	1712.8	1653.0	1630.4
65	ao	621.0	599.5	574.2	1090.3	1067.0	1049.3
66	ey	540.0	507.6	488.6	2182.4	2288.9	2324.4
67	ah	834.5	843.2	835.7	1317.3	1406.3	1486.9
68	oy	592.1	553.8	509.1	1641.5	1701.3	1786.0
69	eh	665.6	675.1	656.2	1743.8	1834.7	1912.9
70	axr	593.0	599.9	636.4	1695.7	1606.8	1546.7
71	uh	647.2	684.6	705.4	1615.6	1581.5	1709.4
72	ow	544.6	585.9	590.9	1083.8	1078.6	1054.2
73	ah	673.9	711.2	727.2	1193.2	1256.0	1400.0
74	er	588.9	591.6	592.0	1206.2	1256.1	1299.5
75	ix	630.2	630.2	630.2	1669.8	1669.8	1669.8
76	ix	458.7	456.6	455.7	1985.3	1903.7	1842.1
77	ux	469.9	469.9	469.2	1842.4	1550.7	1523.3
78	iy	427.7	428.7	432.4	2405.1	2405.3	2328.2
79	ow	786.5	763.0	759.8	959.4	954.2	960.0
80	aa	804.7	815.7	793.3	1459.6	1371.3	1373.2
81	ih	495.3	495.3	495.3	1776.6	1776.6	1776.6
82	ix	499.6	499.6	499.6	2129.4	2129.4	2129.4
83	uh	489.6	489.9	476.7	1734.2	1701.3	1665.8
84	ih	576.9	576.9	576.9	1559.3	1559.3	1559.3
85	ah	668.1	728.1	749.1	1629.0	1556.1	1581.9
86	ah	830.6	825.7	811.1	1059.7	1115.1	1164.3
87	eh	642.7	648.2	650.6	1903.4	1898.9	1895.9
88	aa	834.3	821.6	803.8	1416.8	1333.4	1316.9
89	eh	701.0	753.9	725.0	2008.2	2045.5	2014.7
90	ix	620.3	620.3	620.3	1827.6	1827.6	1827.6
91	ax	437.8	437.8	437.8	1189.2	1189.2	1189.2
92	ih	661.9	649.9	645.2	1898.1	1918.1	1988.0
93	iy	455.4	446.4	456.6	2341.9	2361.1	2388.4
94	er	647.0	693.1	689.8	1859.5	1617.7	1566.5
95	uw	523.2	462.1	429.3	1054.4	1049.8	1054.1
96	ix	503.0	503.0	503.0	1623.9	1623.9	1623.9
97	ix	475.1	464.4	453.6	1924.2	2055.8	2057.1
98	eh	807.1	814.0	809.9	1784.5	1727.6	1665.4
99	axr	447.1	447.1	447.1	1316.1	1316.1	1316.1
100	ax	449.0	449.0	449.0	1479.1	1479.1	1479.1
101	ow	600.4	611.4	621.5	1346.4	1300.7	1272.5
102	ao	618.5	680.3	686.8	1043.0	1147.8	1299.7
103	ix	570.9	570.9	570.9	1747.0	1747.0	1747.0
104	ih	604.4	601.0	589.9	1733.3	1727.6	1708.7
105	ae	746.7	753.8	751.5	1903.7	1867.1	1860.3
106	ix	420.3	420.3	420.3	2158.8	2158.8	2158.8
107	ix	427.4	427.4	427.4	1833.4	1833.4	1833.4
108	ax	491.4	494.4	494.8	1411.0	1424.9	1433.3
109	eh	729.2	743.5	729.3	1921.3	1856.4	1822.3
110	ah	732.2	726.7	718.9	1493.4	1565.3	1611.4
111	ih	685.7	685.7	685.7	2108.6	2108.6	2108.6
112	ax	529.0	529.0	529.0	1299.9	1299.9	1299.9
